% -------------------------------------------------------------------
%  Generated by MATLAB on 8-Oct-2017 14:43:44
%  MATLAB version: 8.4.0.150421 (R2014b)
% -------------------------------------------------------------------
                               

A = ...
  [0.81472368639317894 0.91337585613901939 0.2784982188670484;
   0.90579193707561922 0.63235924622540951 0.54688151920498385;
   0.12698681629350606 0.097540404999409525 0.9575068354342976];

AB = ...
  [1.2003858887375543 1.4460336684470758 0.75585544617869693;
   1.5044555999037248 1.6115844821322656 0.89602298348369658;
   1.0672509899420728 0.93516533999761065 0.93597948555679777];

B = ...
  [0.96488853519927653 0.95716694824294557 0.14188633862721534;
   0.15761308167754828 0.48537564872284122 0.421761282626275;
   0.9705927817606157 0.80028046888880011 0.91573552518906709];

BA = ...
  [1.6711293429276182 1.50041891275273 0.92803379233643812;
   0.62161858251069535 0.49203052909892214 0.71317724571219077;
   1.6319388641718116 1.4819019810776821 1.5847899844000772];

% This result shows that AB is not equal to BA.